,test_err,train_err
0,,0.03451280670934613
